3.1388	0.0186	93	60.7778
5.19	0.0173	100	12.9268
2.914	0.1982	87	117.4191
6.2381	0.0157	63	6.5062
5.8274	0.0937	36	9.0288
3.3636	0.1272	89	75.7384
6.1473	0.0607	90	17.3186
2.6113	0.154	40	58.2551
2.1735	0.2488	55	129.5208
1.0773	0.1577	86	432.1218
2.3466	0.2743	79	175.357
4.7335	0.2056	92	43.3065
5.3542	0.1974	96	42.3874
4.803	0.0986	59	13.6029
6.1466	0.281	80	41.5462
1.2589	0.0116	33	100.3584
5.3757	0.0184	76	10.023
3.5227	0.2273	51	51.8955
3.7642	0.2786	55	55.1811
1.5165	0.2039	51	180.7634
4.7961	0.163	41	14.098
3.6318	0.2912	39	43.6726
3.3463	0.092	75	55.8733
3.4914	0.0172	76	36.6465
3.152	0.2146	51	61.9959
4.3243	0.0477	84	21.0915
2.7381	0.0345	51	48.2876
6.2308	0.1088	61	14.8765
1.1493	0.238	60	316.7982
4.8153	0.2405	93	47.2594
5.7815	0.1728	81	29.5521
5.9841	0.185	32	12.7466
5.8364	0.0457	45	7.5177
2.8462	0.2354	74	113.0203
3.9378	0.2229	77	60.9741
2.6241	0.0022	89	81.3192
5.4921	0.0867	70	16.5889
2.6351	0.1052	80	102.5826
5.6895	0.2304	44	20.5872
6.4784	0.2158	48	19.3091
1.4305	0.0401	83	230.0303
2.6255	0.1472	38	55.11
4.4931	0.1302	41	15.1971
2.4017	0.2641	42	88.579
6.1828	0.0375	67	10.0281
1.3094	0.2203	60	264.7419
3.3637	0.1413	70	61.668
3.7488	0.0732	44	23.4263
5.812	0.006	52	5.0267
5.8397	0.0177	50	5.1692
1.644	0.1625	59	175.1065
6.0518	0.0637	70	12.8182
1.0802	0.1738	99	510.9082
5.7322	0.0103	41	5.0441
2.813	0.0695	64	65.1804
5.4871	0.2456	38	20.3821
5.7415	0.1694	98	37.53
2.7928	0.2478	66	106.7847
2.8061	0.2213	78	118.5905
4.778	0.1414	55	18.0902
5.6778	0.129	31	9.0828
1.2692	0.2297	87	404.2523
4.0215	0.1699	63	41.4544
5.2208	0.0855	68	17.237
5.3301	0.0151	32	4.2323
5.7606	0.1742	47	18.7401
2.4965	0.2806	64	130.0744
3.7979	0.2413	88	80.1735
4.5527	0.0389	61	10.3458
4.0135	0.2878	60	53.5975
2.6652	0.0566	69	74.9142
2.858	0.261	78	125.5511
1.3364	0.1183	38	135.5707
4.319	0.2607	42	30.4674
5.061	0.0652	72	16.7241
1.0271	0.0068	79	310.7519
1.9219	0.1159	90	196.2213
3.1009	0.0591	62	49.3083
4.7767	0.2025	86	38.3899
3.9598	0.1946	83	61.2229
4.246	0.0875	74	26.8069
1.6159	0.1851	56	178.6067
4.408	0.2802	98	71.6606
3.913	0.2235	38	31.1132
5.292	0.197	70	32.2845
3.2099	0.1268	65	61.5067
3.1714	0.1066	44	39.038
1.1148	0.1817	86	432.7089
3.4803	0.0269	54	27.7864
4.6263	0.1323	87	30.5567
6.1172	0.1689	39	12.7995
2.6933	0.1971	74	115.3613
1.0395	0.2546	31	189.5763
4.3523	0.1984	33	19.9335
6.025	0.0158	86	9.9282
2.1143	0.264	41	102.8819
2.9546	0.224	59	83.4985
2.0051	0.0543	70	122.4637
1.0609	0.2566	52	310.6453
4.9776	0.0949	91	16.0848
5.6427	0.2412	92	46.3915
2.1572	0.2903	35	90.195
5.9479	0.2954	72	39.1004
1.5828	0.2269	65	226.8485
2.4684	0.1515	94	151.0054
2.6978	0.045	41	41.0422
3.1383	0.0056	63	38.5367
3.2631	0.0346	94	59.5069
6.46	0.0581	31	5.6906
5.7403	0.1799	72	28.4511
1.4548	0.0446	31	84.6507
4.5972	0.1238	88	30.0501
2.5388	0.0409	44	49.1121
2.7041	0.017	72	64.7251
4.7363	0.1382	56	19.5863
2.8982	0.2394	52	78.3053
1.2173	0.2166	54	258.9435
2.0104	0.2331	100	257.4814
2.9148	0.0512	42	36.1882
5.9457	0.0792	66	14.8278
5.3638	0.0498	93	18.0613
2.386	0.1303	39	62.9561
2.5324	0.158	96	151.4185
4.5537	0.1923	37	18.0733
1.474	0.2577	41	165.7321
3.1478	0.0961	63	55.2558
3.8316	0.2217	66	56.8566
3.795	0.1408	47	31.4681
4.8619	0.1501	88	29.2203
1.2376	0.2091	44	203.9509
1.2294	0.0523	84	291.6986
2.052	0.1331	65	132.6185
5.3374	0.2239	70	34.3827
5.8859	0.0404	47	6.9074
6.4355	0.0958	61	14.25
3.5888	0.2335	74	73.4955
4.3178	0.1712	34	17.9897
2.1622	0.0438	94	140.9639
1.2497	0.2279	47	221.4991
4.3403	0.2317	33	22.2345
6.2988	0.2716	68	34.1724
4.3065	0.0344	67	15.5404
5.7465	0.2007	31	13.5681
1.2041	0.192	95	442.5351
1.8976	0.1043	37	80.4526
3.0249	0.0736	54	48.4626
3.8844	0.1603	92	61.7317
4.7462	0.1641	73	27.1186
1.7712	0.0528	72	152.0889
3.616	0.2855	67	74.2761
2.9882	0.1465	53	59.4277
3.4424	0.1812	61	57.133
2.307	0.1209	65	108.9549
1.9638	0.166	57	133.0639
1.8575	0.1501	94	231.4062
5.8231	0.2453	63	31.0099
1.409	0.1417	68	238.5187
3.5598	0.0026	58	23.5329
4.3693	0.1351	80	34.3456
5.9789	0.1019	37	10.1748
4.9014	0.1552	79	24.834
1.5311	0.2323	38	139.4269
6.0579	0.0127	76	7.8335
1.382	0.1448	70	252.1575
4.8302	0.2784	56	31.9365
3.6139	0.1737	60	50.0312
5.8846	0.0781	64	14.3584
3.4957	0.0905	51	35.2228
2.0109	0.2785	60	166.5562
1.2103	0.2658	93	480.3807
4.7468	0.0337	76	9.7934
3.4345	0.2827	57	70.2684
2.1607	0.1585	98	196.4816
2.9932	0.286	57	89.2715
5.3532	0.0518	60	10.6733
5.9938	0.2289	60	26.5303
3.4521	0.2565	38	44.3325
5.5235	0.2294	55	25.9157
2.5953	0.1506	80	118.5341
4.5411	0.1616	73	31.2934
1.5154	0.1583	38	125.8766
3.5963	0.1071	35	24.5479
2.6657	0.0552	56	60.9284
4.6992	0.2259	87	45.6353
4.4638	0.0927	100	31.8647
5.506	0.2885	81	46.9232
2.7445	0.2244	56	88.9624
6.4866	0.1265	45	11.7089
1.5486	0.2644	88	336.7417
1.7018	0.0834	32	77.4385
4.9062	0.092	87	16.6068
6.0785	0.205	94	38.0741
2.6967	0.0772	64	72.9926
1.5743	0.1037	77	216.3714
5.6144	0.1477	68	23.4135
6.331	0.218	72	29.542
1.6046	0.1531	70	212.3317
2.8685	0.2128	56	81.2449
1.5045	0.002	64	150.4001
3.6501	0.2369	83	81.3314
1.8239	0.1784	82	217.886
5.9375	0.273	99	51.0332
1.3325	0.0153	61	174.5609
4.4956	0.166	60	27.4231
1.803	0.0406	79	158.0959
5.5789	0.1902	63	26.9212
4.0851	0.2723	87	72.5856
5.9042	0.0684	41	8.1177
2.2095	0.2819	88	215.1632
3.1819	0.0419	77	53.0879
2.878	0.1269	94	107.9797
2.0532	0.0763	62	111.154
4.9345	0.0342	43	4.3338
3.4223	0.1527	59	52.8297
5.912	0.2995	93	52.3721
5.7428	0.0103	83	8.7163
2.261	0.1155	39	66.5445
3.6002	0.2278	52	51.8915
4.017	0.2503	47	39.0744
1.3532	0.1401	94	345.0796
1.6274	0.1619	34	102.7072
1.9162	0.2454	66	185.0138
2.8885	0.0193	60	46.7674
1.7597	0.1628	98	267.4562
1.324	0.1995	62	260.1578
4.4984	0.1236	30	10.7192
2.0114	0.2288	64	162.5717
3.1555	0.0261	68	45.9665
2.7108	0.0001	78	65.2035
5.1497	0.0338	87	13.8301
2.0949	0.1507	84	173.3031
6.0351	0.0413	39	5.786
4.8952	0.0487	48	6.0296
2.7675	0.1985	100	148.2935
2.1586	0.0746	94	155.6528
1.1352	0.1538	32	149.3893
2.3892	0.2386	33	67.6484
6.3451	0.1242	85	23.8304
2.6104	0.222	40	68.9489
6.0997	0.0121	62	7.183
2.6287	0.2558	74	132.9575
3.56	0.1675	61	51.1078
1.4404	0.1392	94	318.8811
4.8747	0.169	30	10.3724
5.3552	0.0196	99	12.7297
3.5297	0.0836	34	21.3386
4.5738	0.2192	82	44.4439
2.5861	0.2249	97	169.9735
5.1715	0.2203	66	33.6676
5.7528	0.2519	33	16.0557
3.4397	0.0908	81	58.0716
3.6203	0.0371	30	14.386
1.0353	0.2771	78	492.0782
1.8274	0.169	62	161.3839
4.7043	0.1935	69	30.6521
2.553	0.2529	84	157.3366
2.7515	0.1113	46	54.7459
6.3113	0.0773	77	14.9591
3.6876	0.2294	84	79.2427
4.4457	0.1725	94	47.1796
5.4524	0.1341	48	16.3328
1.4193	0.0565	68	197.4211
1.6266	0.0652	30	72.8243
4.8268	0.0591	84	13.4988
5.6502	0.0331	89	12.9804
1.9296	0.177	76	187.634
4.5353	0.2708	70	45.3946
5.1847	0.0702	78	18.3312
4.9297	0.1799	97	34.9573
6.4011	0.2041	83	31.7565
1.5402	0.076	82	222.6908
5.7714	0.0322	43	6.0216
2.2466	0.246	30	67.7205
6.2144	0.1132	98	26.3224
1.7237	0.262	43	142.5878
6.1652	0.2388	56	25.5208
4.7417	0.0633	78	13.3316
2.4181	0.2361	39	77.7765
5.2577	0.1026	35	9.324
5.2912	0.2367	59	31.2298
3.2805	0.0617	91	63.7802
2.4644	0.0996	72	101.3911
5.3001	0.1889	83	36.7576
4.0046	0.0063	33	7.9993
4.4131	0.2645	59	41.4607
1.3612	0.222	85	357.252
5.81	0.048	41	7.8447
4.9957	0.1301	56	14.0639
4.2511	0.2008	49	31.0497
4.7234	0.1518	69	25.4382
3.5876	0.0188	58	26.2892
1.9881	0.2892	48	136.4518
1.9635	0.1263	63	136.4234
4.2229	0.1967	65	40.6755
5.3549	0.1133	82	25.2475
5.2445	0.0714	62	14.9299
2.6719	0.1521	73	102.8122
6.0274	0.1711	64	23.8761
3.2839	0.2049	50	55.5343
2.2675	0.0719	34	50.7129
5.8265	0.1826	57	21.3978
1.4812	0.2956	67	282.8069
4.4497	0.0165	70	10.8081
4.3448	0.0548	60	16.2798
1.4996	0.1955	30	106.9996
5.7924	0.239	32	14.6988
2.4686	0.0859	91	123.1728
3.5647	0.0955	75	48.8945
1.5762	0.0055	72	159.0989
6.1129	0.1825	70	25.4092
6.186	0.1034	78	19.9086
1.1918	0.0502	100	359.3468
1.8019	0.0758	81	176.1124
1.4021	0.2322	49	201.716
4.9625	0.0694	44	7.1169
3.2025	0.2761	33	44.6805
2.9888	0.265	72	107.292
6.1424	0.2937	50	26.7866
4.204	0.0647	79	27.1111
1.558	0.015	53	121.8424
1.9955	0.1093	69	139.0201
3.4025	0.0033	85	39.9863
3.2325	0.26	81	105.0586
1.8371	0.1105	35	81.1809
1.8999	0.2421	66	185.384
3.5098	0.2438	84	89.524
4.2983	0.2412	98	66.6054
5.302	0.139	67	23.7581
4.2055	0.0726	54	19.0189
2.9219	0.0219	93	72.6131
2.8452	0.0829	99	103.6192
5.0051	0.0449	80	14.5386
1.0956	0.2393	82	459.9163
3.3313	0.0262	76	43.3344
4.1738	0.0997	89	37.3135
4.7139	0.1173	76	23.6065
5.9841	0.2204	58	25.1018
5.7744	0.2644	81	42.2355
3.4231	0.1204	99	79.3106
4.225	0.1159	38	17.8249
1.9493	0.0117	53	86.4215
3.0983	0.1655	47	52.7558
3.507	0.2397	38	40.4885
4.7223	0.2434	61	32.0228
3.8861	0.2953	40	39.4913
3.3016	0.0945	62	48.5003
1.041	0.2981	60	385.7133
4.6887	0.1557	59	22.9539
3.2483	0.2803	73	97.7561
2.6357	0.2645	75	137.1498
5.6023	0.2935	53	31.3712
4.2076	0.1533	60	32.2859
4.3877	0.1466	97	43.6296
2.2186	0.2337	76	170.2134
4.919	0.2778	71	37.469
5.8966	0.2475	31	15.7543
3.4204	0.2663	47	55.0063
1.8846	0.1917	75	197.0028
3.4274	0.1378	74	61.9819
4.9144	0.0005	60	0.6602
3.1927	0.0527	85	60.8995
4.2447	0.0274	51	12.9615
2.7881	0.1447	65	84.2986
2.0438	0.2561	39	101.0135
5.0563	0.0667	94	21.3705
4.0166	0.1315	57	32.1072
2.7308	0.2361	80	130.6124
2.1624	0.1275	60	112.9482
5.8364	0.1951	80	32.8971
3.7252	0.1008	87	52.8802
3.4624	0.2601	98	112.457
5.5104	0.0089	59	6.2813
1.08	0.1038	48	217.5784
2.7452	0.2616	59	101.1748
2.6971	0.1414	32	44.283
5.7181	0.2994	38	21.453
2.8264	0.2975	85	148.6179
2.9222	0.1003	67	70.1866
3.9725	0.0625	32	12.4514
4.6138	0.2316	98	53.3676
4.4933	0.1257	92	34.1034
2.2996	0.265	69	155.2501
4.2186	0.2801	71	57.6163
4.2375	0.0758	59	21.5615
1.0317	0.2685	49	307.2301
4.1193	0.0506	94	30.7464
6.1638	0.2701	77	38.3439
6.1964	0.0446	47	8.1638
3.8082	0.1279	78	48.591
2.8076	0.0668	71	70.8334
6.1239	0.1339	78	22.8958
4.5043	0.0037	99	12.6372
4.0116	0.0582	62	24.3997
6.4503	0.1321	43	11.4483
6.2954	0.2055	36	13.7468
4.5742	0.2413	40	23.1581
1.2703	0.1159	96	366.0175
2.2189	0.1892	77	157.6431
1.4393	0.1154	45	146.4846
3.0544	0.0535	51	40.7781
2.1645	0.2663	69	168.3492
4.7643	0.2769	44	26.8122
5.7259	0.0797	64	13.9624
6.0261	0.0733	98	19.714
5.2874	0.2934	30	17.3591
4.1475	0.0992	93	39.4249
1.2718	0.1269	58	224.2284
3.0827	0.1835	48	57.1587
2.8869	0.1566	37	46.867
2.5805	0.0647	91	107.7639
6.4732	0.264	42	19.9358
5.8227	0.1452	50	16.3112
5.0875	0.0365	91	15.7526
5.9518	0.1113	90	23.648
5.7958	0.2992	33	18.0156
2.6952	0.1934	65	99.6949
3.8948	0.2901	89	87.2713
6.1139	0.0415	58	9.963
4.4942	0.2456	46	29.2004
5.0161	0.0601	85	18.9442
2.822	0.0527	35	33.9525
4.1014	0.2359	94	71.7671
2.6227	0.1492	60	87.1248
1.4872	0.0264	55	138.6554
3.2553	0.0803	60	46.7965
5.5442	0.2309	50	25.0969
4.1034	0.2857	77	66.3777
5.2005	0.0384	77	12.3428
6.0478	0.1053	43	10.6197
4.556	0.1605	90	39.6372
4.5567	0.1153	56	19.4845
2.3436	0.1697	86	156.6782
3.7509	0.1492	38	26.8621
2.816	0.0515	47	44.0133
2.7807	0.1681	31	43.0992
4.9634	0.1761	40	13.6427
4.7852	0.2487	59	31.3225
2.0801	0.2269	40	98.05
4.5207	0.041	73	13.5984
3.535	0.1429	86	68.9277
5.3363	0.1697	51	19.7001
6.1487	0.1374	92	28.2985
5.7769	0.1647	51	17.7051
4.9058	0.2698	69	36.2115
3.1834	0.1707	71	76.8806
2.2666	0.003	42	50.282
4.1772	0.2964	89	76.3168
3.1541	0.0203	48	31.728
3.374	0.1327	94	80.1505
2.6088	0.1035	95	122.574
3.6063	0.0204	83	36.8985
3.0026	0.2379	98	137.3153
1.9465	0.0222	47	79.2924
2.6489	0.169	97	145.6143
6.3135	0.259	98	45.8185
5.5231	0.2156	71	31.8538
6.3418	0.2038	69	26.2637
4.809	0.0618	54	7.8971
5.4528	0.2826	51	29.6201
3.5747	0.1873	59	52.7236
1.9768	0.2246	37	96.8092
5.378	0.2794	61	35.2794
5.3955	0.0414	100	17.0312
4.9443	0.2541	82	40.9383
3.516	0.2115	40	40.3139
3.7905	0.2947	59	60.4373
1.3649	0.1347	71	254.8575
5.8835	0.0963	64	16.8292
5.8838	0.1563	38	13.0055
1.4841	0.2955	39	163.1178
2.4659	0.0613	69	88.2797
5.0802	0.0565	79	17.2149
2.5051	0.3	32	67.1823
1.6866	0.2301	34	110.4758
1.5727	0.2163	87	301.8029
3.1632	0.1563	89	93.4403
6.1709	0.073	77	16.228
2.9715	0.2814	30	46.3299
5.7527	0.2314	88	42.1301
3.7974	0.14	70	47.6534
6.1773	0.2486	38	16.8505
3.9877	0.2602	51	43.0459
6.3925	0.1399	44	13.6928
4.1577	0.0977	61	26.51
3.3289	0.2747	45	57.9903
5.9912	0.1618	46	16.0717
2.9389	0.0006	54	37.4346
1.8297	0.0434	57	110.81
6.322	0.0595	76	13.4621
4.4375	0.0879	98	30.2182
4.536	0.1505	73	30.7295
5.6237	0.0453	31	4.8419
5.6835	0.0552	86	15.8393
4.2247	0.1854	49	29.3521
6.0323	0.0247	60	7.9801
4.122	0.2834	74	62.957
5.8111	0.0107	89	9.4357
6.3653	0.2792	90	45.0475
6.1636	0.151	39	13.5704
3.487	0.068	43	26.3855
4.9131	0.133	81	22.0909
6.1557	0.0377	96	13.3632
3.888	0.2543	89	80.2701
5.1099	0.1215	88	28.2107
3.3406	0.2273	76	86.493
2.9936	0.2508	39	57.1952
4.455	0.0281	33	5.3204
1.0463	0.1269	88	433.7585
6.1344	0.0338	44	6.3594
2.3151	0.1982	61	120.3958
6.4827	0.0479	41	7.3833
1.8818	0.0301	80	145.5464
1.1413	0.1104	95	409.3048
2.1616	0.24	67	157.2693
3.3791	0.0647	41	27.753
2.9611	0.1733	50	62.4497
5.0403	0.1158	86	27.9498
2.0157	0.2011	80	194.4472
5.8699	0.0103	55	6.163
4.1545	0.0396	59	17.8516
4.3118	0.1717	62	33.8194
6.4597	0.008	54	5.1579
6.0296	0.2028	84	35.0078
1.5252	0.0897	43	122.7771
2.7032	0.187	90	134.3457
3.6744	0.0038	76	28.4562
3.2051	0.0486	79	56.2981
1.8382	0.1456	96	237.3544
1.6784	0.2601	36	122.8876
5.4535	0.1449	93	33.2832
5.3806	0.0008	99	10.0832
2.8295	0.2745	80	134.0636
3.7321	0.1212	70	45.2647
2.0659	0.0211	48	72.8649
3.871	0.0325	99	36.78
2.3838	0.2623	72	152.2819
4.4592	0.0057	76	10.4767
3.1292	0.0738	54	44.0909
1.7919	0.1455	84	215.4535
1.7033	0.2611	51	171.1636
2.2945	0.211	57	117.4667
4.6613	0.1434	37	12.5222
4.6225	0.0409	69	11.6308
4.4793	0.0769	41	11.728
3.1512	0.097	61	54.4164
3.1083	0.0567	86	67.5886
4.4307	0.2338	41	25.4011
3.5934	0.1488	95	74.7619
6.2679	0.11	35	8.2322
1.3189	0.1456	41	156.8697
6.2156	0.2827	33	16.1186
5.2263	0.233	45	23.4792
3.0482	0.1946	75	93.1059
2.1433	0.1021	86	153.5548
3.024	0.1615	33	37.2974
5.3955	0.1656	70	26.6956
4.3864	0.0564	98	25.9273
2.404	0.1976	39	72.1503
4.5593	0.2244	100	55.2707
3.6318	0.1407	83	61.7492
3.4638	0.0821	62	41.6404
6.0045	0.1249	89	25.6355
1.3864	0.2443	79	335.254
1.2921	0.1217	66	248.1881
2.3034	0.1945	81	158.5612
2.0152	0.1639	46	103.395
3.1811	0.2456	31	41.0683
4.1492	0.2189	32	22.0296
5.4996	0.276	84	47.1921
4.802	0.2292	64	30.6809
1.655	0.0184	64	137.1175
1.1709	0.2649	62	333.0089
6.2713	0.0414	54	7.6802
4.6119	0.2697	86	54.5556
5.0651	0.2989	60	38.5322
3.0829	0.1655	74	82.8491
2.9966	0.1902	52	65.3391
3.8376	0.2718	52	50.0465
1.9099	0.1772	85	212.0673
4.9991	0.2135	54	22.1315
2.0227	0.1216	52	106.5182
3.2536	0.1772	43	45.3649
1.805	0.0497	84	171.6918
5.1849	0.1169	86	26.4454
5.3904	0.2743	33	18.3222
1.6585	0.2663	69	242.1008
3.7326	0.2483	79	75.8354
3.7567	0.2641	33	32.6855
2.7901	0.2938	74	131.3508
3.9461	0.1694	84	57.0903
3.9298	0.2616	74	66.7689
4.2331	0.2336	53	36.2762
5.3809	0.2685	73	40.7925
5.3699	0.1366	99	33.2655
4.0268	0.252	68	56.6602
1.1849	0.2928	50	274.4219
4.098	0.1402	78	42.3187
2.8823	0.08	79	79.3717
4.5199	0.2216	38	21.3988
3.1858	0.1676	98	105.0964
2.2773	0	68	82.0952
6.1214	0	65	5.6993
2.7446	0	86	69.8622
6.3542	0	60	6.1172
5.5663	0	87	7.5336
2.6161	0	70	63.2139
4.3418	0	92	14.238
6.2839	0	48	3.7642
4.9413	0	76	1.5811
5.0415	0	73	7.7476
1.7022	0	46	88.4478
1.09	0	94	338.0964
3.1095	0	53	32.7646
2.834	0	61	47.5465
3.3328	0	39	20.3642
5.2694	0	62	5.2111
1.0152	0	67	262.266
6.436	0	60	4.912
4.0989	0	69	15.6982
4.947	0	71	0.6704
2.5109	0	99	98.4395
6.003	0	88	8.2325
6.2298	0	78	6.0372
6.0231	0	64	5.1522
4.9196	0	92	0.7271
3.2718	0	64	34.6452
2.47	0	83	85.9359
2.8777	0	67	50.2712
4.8147	0	57	1.8874
5.9971	0	92	9.0937
1.9127	0	81	131.2942
3.4422	0	81	35.6945
3.6219	0	73	28.6958
3.9043	0	50	14.1933
2.8512	0	55	40.9522
2.5853	0	45	41.9132
2.9283	0	80	55.8913
4.4554	0	78	9.0207
5.3311	0	69	7.6547
2.7882	0	87	68.3304
1.8392	0	94	160.629
1.5286	0	42	95.2594
1.4961	0	76	178.1872
1.024	0	100	388.0708
2.6214	0	36	32.0699
2.2266	0	89	111.7702
3.8724	0	32	9.3054
1.5651	0	70	153.5127
1.2734	0	37	109.0544
1.8535	0	32	53.7425
4.8044	0	82	4.2772
3.1005	0	38	23.5478
5.1285	0	56	5.4811
5.2771	0	30	3.8171
1.7548	0	74	137.1655
5.6954	0	86	7.4767
5.8805	0	65	5.9764
3.4207	0	37	16.595
5.8035	0	59	5.7954
5.9486	0	64	4.891
2.0253	0	41	59.7589
3.8305	0	89	27.0681
2.2481	0	45	55.3027
2.4287	0	80	84.2867
1.9369	0	92	146.245
6.172	0	100	9.9145
1.9763	0	57	87.502
3.1767	0	39	22.2965
1.6146	0	84	176.4364
5.098	0	53	4.4823
4.4835	0	85	9.3903
5.5152	0	74	7.23
4.7331	0	35	1.8108
5.657	0	52	5.7345
1.2502	0	49	146.3762
2.9249	0	98	68.5274
2.4387	0	72	76.1309
5.1514	0	38	2.841
4.0949	0	68	14.2478
1.1556	0	99	328.4466
1.3023	0	57	162.5675
2.4225	0	52	55.1594
3.3813	0	93	44.8682
3.55	0	43	17.1715
2.5044	0	53	52.3646
1.5501	0	55	122.4253
2.3497	0	99	111.7558
5.2118	0	34	2.4753
5.952	0	90	7.4289
6.0088	0	99	9.0158
4.9723	0	45	0.5066
4.7537	0	67	4.1912
4.8595	0	56	1.5749
4.5506	0	69	6.7323
1.7473	0	99	183.9987
4.2945	0	91	14.1663
4.4984	0	62	7.8747
2.0556	0	47	67.4698
2.8087	0	67	52.187
2.5956	0	60	56.4429
4.3321	0	64	9.5545
1.3382	0	37	101.4302
4.8962	0	94	2.1732
5.9361	0	45	4.7589
3.6347	0	90	34.7542
3.285	0	40	20.534
3.5828	0	97	38.8745
5.7256	0	94	8.4634
1.7583	0	39	71.4159
2.2289	0	72	89.52
3.5165	0	75	30.6415
3.3168	0	81	40.5451
6.45	0	95	8.0764
2.7777	0	84	66.4644
4.0879	0	80	18.0391
2.5573	0	98	94.4375
6.3869	0	59	5.2779
6.2406	0	47	4.2573
2.1834	0	65	84.5593
4.9022	0	95	2.5652
6.2713	0	74	6.0353
1.9667	0	88	135.7085
1.0673	0	47	172.8287
6.3278	0	67	5.2875
6.417	0	33	3.5998
5.1435	0	59	6.6095
3.1971	0	89	50.7824
5.7085	0	94	9.198
4.9232	0	67	1.3612
2.3602	0	54	59.6324
1.5759	0	54	117.8823
5.4366	0	42	3.2536
5.0685	0	63	6.4209
2.0902	0	72	100.0509
2.3153	0	62	71.6078
4.8491	0	73	1.5373
4.2806	0	59	10.2269
6.0899	0	66	5.2973
5.0458	0	86	8.7739
6.3644	0	65	5.3982
6.4407	0	51	4.0756
1.6624	0	50	100.8634
2.3488	0	64	71.5987
2.3391	0	77	86.8302
2.9572	0	61	41.9568
5.9705	0	69	5.3078
4.9254	0	48	1.2742
4.9005	0	94	2.622
2.6069	0	31	27.7
5.395	0	53	5.9291
6.4529	0	35	2.567
2.3226	0	97	112.5979
5.0514	0	77	7.9279
1.0596	0	42	155.7058
5.638	0	65	6.0608
3.0378	0	55	36.0975
5.7703	0	63	4.8969
2.596	0	68	62.6855
6.2249	0	66	6.3987
1.8384	0	70	121.3222
1.0232	0	86	335.1656
2.7916	0	46	35.4477
2.9548	0	58	39.3408
2.1373	0	94	126.7853
2.1343	0	64	86.1137
1.8313	0	75	130.1993
6.1329	0	85	6.9302
4.1487	0	83	18.0116
6.2504	0	87	6.9137
3.768	0	39	13.0851
3.5581	0	35	13.9868
1.9686	0	69	105.5226
6.4386	0	41	2.9415
1.4792	0	34	80.1783
3.1382	0	75	45.2497
3.0763	0	84	53.5021
2.6382	0	69	62.7148
3.335	0	66	32.597
4.6054	0	68	6.6811
4.6236	0	100	8.0373
4.8025	0	48	1.0598
4.9461	0	98	0.2648
1.4043	0	52	133.6055
1.6956	0	45	86.7425
5.8997	0	53	5.7934
1.9853	0	78	118.1098
4.9835	0	66	-0.4333
4.9138	0	65	0.7363
2.2532	0	74	90.2709
4.8588	0	58	1.6656
4.7046	0	73	4.3769
3.2606	0	60	32.3293
5.7175	0	85	7.4281
2.3808	0	42	47.1466
3.8925	0	86	24.4868
2.7369	0	78	64.371
4.6952	0	36	3.0493
2.5713	0	34	32.8542
3.1041	0	49	29.9744
3.6085	0	64	24.1626
5.7818	0	56	5.5906
1.7881	0	65	117.5711
2.8947	0	70	50.3097
1.3347	0	100	274.4291
5.6725	0	58	6.2086
2.8494	0	81	60.1678
2.8586	0	49	36.4593
4.2318	0	40	7.1783
4.9599	0	83	0.6954
3.8832	0	71	19.5366
2.4199	0	32	33.5009
4.8282	0	91	3.3106
3.7311	0	76	25.0143
2.0288	0	50	72.5045
6.3159	0	30	2.7489
6.3951	0	79	7.6589
2.563	0	96	91.2983
1.4637	0	45	109.414
4.7461	0	76	3.148
6.3324	0	54	4.9234
2.4677	0	54	54.8665
5.7243	0	51	4.5244
2.6211	0	77	70.3701
5.7271	0	98	9.3999
5.0255	0	50	5.4256
6.3441	0	65	5.6426
3.1219	0	41	25.4398
6.2772	0	47	4.2799
5.3827	0	70	6.9386
3.6363	0	52	18.8113
4.0673	0	100	23.2766
4.2388	0	66	11.2662
6.0835	0	79	7.7456
5.4325	0	84	8.5471
5.1637	0	67	7.3685
1.8489	0	64	109.0448
5.2157	0	85	7.4462
2.371	0	66	72.893
1.6855	0	39	76.0108
3.4148	0	75	35.4522
4.9134	0	87	0.8927
4.3928	0	56	8.3984
1.4567	0	60	146.2877
2.2167	0	74	92.1173
5.5645	0	85	7.0485
1.6115	0	33	68.7044
1.5618	0	75	164.9115
6.4289	0	54	4.9873
6.3187	0	98	9.6012
4.2619	0	83	14.7633
6.4833	0	49	4.1465
3.9726	0	96	25.135
2.2014	0	35	45.4525
1.496	0	47	110.8357
2.4899	0	36	37.0058
1.7825	0	36	65.5102
5.3491	0	50	3.9792
1.2028	0	78	245.6139
2.5309	0	48	46.0512
5.8534	0	43	4.1361
2.3639	0	33	37.2717
6.4744	0	73	6.9821
3.2957	0	53	27.128
6.4379	0	73	6.6368
2.9247	0	88	62.7776
5.8645	0	39	4.2562
6.1017	0	59	5.1831
4.7546	0	90	3.9767
3.9753	0	72	17.7075
2.4065	0	56	60.0604
5.771	0	61	5.4834
4.9047	0	60	1.354
5.4489	0	60	5.7998
5.4917	0	81	8.3519
4.4411	0	85	11.6938
6.3335	0	56	3.9493
3.0263	0	62	39.7943
1.8275	0	75	130.3838
2.9312	0	38	26.9221
4.0456	0	44	11.1705
4.3443	0	71	11.0358
5.9989	0	69	6.1687
2.8487	0	83	62.6255
4.9168	0	59	1.8225
4.8557	0	30	0.9211
2.4065	0	52	56.6162
1.446	0	40	97.4692
4.2615	0	53	9.5556
1.2547	0	35	104.6444
2.0238	0	68	100.4426
1.3967	0	41	105.9452
3.5524	0	32	13.9329
2.1335	0	88	118.2041
1.8534	0	42	71.8094
6.1369	0	38	3.8668
4.3615	0	65	9.0777
2.6164	0	40	35.7639
2.8786	0	67	50.2894
1.1672	0	30	99.1518
2.4184	0	48	51.3637
2.3787	0	71	78.0941
2.0067	0	75	111.8425
2.1905	0	41	52.1291
5.2414	0	60	6.5594
5.9146	0	35	4.0974
2.6443	0	96	85.6235
2.3741	0	66	72.8543
5.0973	0	82	7.4067
1.1187	0	52	181.1063
4.1887	0	34	7.4969
2.5552	0	40	39.0984
6.2773	0	58	6.1065
5.0157	0	30	2.1623
1.6466	0	52	105.5553
3.8404	0	57	17.1351
5.4597	0	49	5.2826
2.0453	0	96	139.2035
4.0691	0	67	15.3891
1.9572	0	77	119.6226
2.4075	0	62	66.8887
1.1567	0	81	269.1345
1.7411	0	45	84.8007
2.8685	0	87	64.7205
1.2939	0	71	203.8067
4.9769	0	31	-0.0889
6.1521	0	97	8.8764
5.7188	0	39	3.0416
4.7783	0	75	3.97
5.4422	0	54	4.5942
2.33	0	45	52.2158
1.0749	0	90	329.5618
2.0925	0	82	114.8113
4.3206	0	69	10.5017
4.8984	0	51	0.6703
5.9987	0	78	7.4267
2.4548	0	45	47.011
4.9956	0	62	0.3506
1.7086	0	30	57.8381
2.3798	0	39	43.6681
4.9401	0	54	0.3088
3.7255	0	50	17.7195
1.1943	0	52	166.1625
5.5439	0	53	4.1899
5.8439	0	37	3.6107
6.4396	0	64	5.039
1.1787	0	61	198.6216
5.6157	0	67	5.3782
3.1193	0	94	57.1079
4.7581	0	65	4.3048
2.1835	0	59	76.2561
1.6094	0	94	198.3168
3.1939	0	82	45.6509
5.1285	0	88	8.5371
5.7146	0	64	6.5854
2.1511	0	43	57.8067
3.3973	0	50	24.479
4.7653	0	62	3.1254
2.7348	0	58	47.4616
1.2288	0	37	113.9517
1.6207	0	69	144.5046
2.1766	0	30	39.9113
5.4882	0	80	7.5055
1.3897	0	49	126.4924
1.0271	0	44	170.1353
1.3196	0	53	148.7665
4.6833	0	44	2.2353
4.0628	0	86	19.4943
3.4925	0	47	19.9519
5.2931	0	89	8.6309
6.405	0	51	4.8727
3.5303	0	30	12.9887
5.934	0	39	3.2295
4.2092	0	84	16.2839
4.249	0	69	13.0323
2.9982	0	87	58.949
6.4275	0	86	8.2873
5.8631	0	99	8.9482
4.658	0	51	3.0839
2.4005	0	100	108.0437
5.7006	0	30	1.8829
2.8649	0	51	38.3829
4.5111	0	94	11.0352
3.7693	0	46	15.3379
2.568	0	54	51.6642
1.0714	0	60	220.8889
5.3873	0	66	6.3457
2.4589	0	78	79.8767
6.2315	0	51	3.8994
1.5233	0	70	159.2998
2.9638	0	85	58.9306
4.2504	0	94	17.5539
4.9932	0	36	-0.9081
1.6697	0	34	68.7905
3.7616	0	85	28.4403
2.1287	0	59	80.3838
5.0802	0	85	8.9727
2.2488	0	75	92.1205
3.079	0	88	55.4819
5.6722	0	100	10.1554
1.7081	0	33	64.2249
5.2644	0	74	8.1748
4.5935	0	96	7.9293
4.6917	0	55	3.4028
2.7241	0	98	81.8199
4.2682	0	59	10.9363
1.1465	0	30	100.1131
2.2275	0	76	94.2763
2.4342	0	91	95.0621
2.5979	0	61	55.6858
5.675	0	90	8.6415
1.3546	0	95	255.7446
5.3394	0	40	4.2244
5.1126	0	44	4.4671
1.457	0	63	153.5964
6.3846	0	76	7.6028
2.2468	0	91	111.4515
3.9182	0	64	17.8031
2.6815	0	77	65.616
5.6329	0	50	5.3475
4.8827	0	65	0.6953
3.4522	0	80	35.704
3.976	0	75	19.931
5.8369	0	70	6.9566
4.1462	0	46	10.3034
3.1247	0	78	47.5049
5.4943	0	92	9.2338
6.0569	0	52	4.3244
5.265	0	52	4.0851
6.1531	0	87	6.9308
1.4242	0	87	219.2839
4.8217	0	64	2.2834
3.5963	0	99	39.2842
5.1542	0	92	9.5731
3.2407	0	74	40.6093
2.6413	0	40	35.607
3.2099	0	62	35.0886
2.2912	0	99	116.8021
1.7618	0	62	114.0505
3.6856	0	84	29.8433
4.9328	0	61	1.5884
2.0268	0	57	84.5182
1.9062	0	53	86.3015
1.4976	0	32	74.6869
1.0467	0	71	268.2317
5.4234	0	31	3.9241
4.3391	0	58	9.2532
2.3609	0	73	82.106
1.28	0	88	254.829
5.7677	0	93	8.7577
4.5221	0	66	7.8688
4.4338	0	30	4.1893
3.6798	0	96	34.824
1.206	0	99	310.8883
3.6424	0	53	20.0612
4.0839	0	82	19.3766
3.7258	0	76	25.742
4.056	0	61	13.6365
1.0927	0	53	189.8514
5.9121	0	37	3.0427
1.995	0	70	105.4797
5.7317	0	72	7.396
5.9437	0	50	5.1459
2.8649	0	47	35.2753
1.002	0	37	147.5886
4.6123	0	40	3.4536
5.1624	0	95	8.8602
1.9086	0	32	52.5159
6.2047	0	52	4.2389
1.7297	0	43	81.5534
2.6924	0	57	48.9689
2.0204	0	62	90.9806
1.2323	0	83	252.9191
5.4578	0	36	2.6083
2.7559	0	67	55.4378
5.8909	0	96	8.1801
5.5518	0	70	6.1403
3.1211	0	69	40.7046
5.665	0	57	4.956
5.5161	0	42	4.1336
1.3907	0	57	148.4484
5.3464	0	73	7.6158
5.1912	0	74	6.9984
6.4865	0	32	2.4867
3.3261	0	41	21.2119
3.7728	0	37	12.5964
1.5174	0	77	176.248
1.6243	0	52	107.7793
3.2231	0	83	45.4742
6.338	0	92	8.9522
4.9167	0	41	0.4279
3.9431	0	72	20.1184
4.6835	0	33	2.3923
2.8371	0	77	58.7661
5.2401	0	49	4.2468
6.3096	0	45	4.5839
3.9826	0	92	24.1877
5.7571	0	52	5.2562
5.5615	0	75	6.4857
1.4607	0	45	109.9797
4.1739	0	34	6.1139
1.4261	0	64	159.7824
1.4221	0	49	123.8769
2.7788	0	83	66.9241
1.0411	0	95	360.5309
5.2218	0	52	4.7653
1.5186	0	80	183.4354
1.8212	0	77	133.6829
2.641	0	77	68.8367
2.6473	0	39	34.1627
5.0353	0	33	2.3095
5.0823	0	57	6.6516
1.102	0	100	353.466
4.9823	0	50	-0.4549
4.1377	0	87	18.3767
6.1373	0	84	7.6078
2.0506	0	51	73.4367
3.252	0	91	49.8998
2.1416	0	54	72.8782
3.9607	0	66	18.053
5.3797	0	83	7.6643
5.7273	0	42	4.0073
1.6885	0	68	133.4291
1.2479	0	65	195.2771
5.2411	0	64	6.8287
2.6969	0	48	40.1602
3.0851	0	73	44.4853
2.0873	0	36	50.487
6.4528	0	72	5.4471
5.3522	0	89	7.9173
2.3633	0	79	89.0583
6.2383	0	45	4.8399
5.82	0	66	6.61
3.5046	0	56	23.0162
4.2252	0	36	5.8146
3.5094	0	31	13.4997
3.0489	0	72	46.7143
5.7175	0	96	9.4145
4.8256	0	70	2.4285
3.4932	0	66	28.2866
6.2419	0	97	8.141
6.4019	0	53	4.5063
6.0284	0	58	5.6881
4.1179	0	65	14.2035
4.2356	0	76	13.1773
2.0438	0	36	51.822
2.4129	0	49	53.1313
3.0476	0	56	34.9307
2.1814	0	63	82.1423
5.5036	0	64	5.7303
3.4499	0	94	42.0778
1.9222	0	60	96.9253
2.201	0	75	95.1394
3.6198	0	95	36.4683
3.1429	0	53	31.7526
6.1443	0	80	6.9786
6.2331	0	84	6.9762
2.2427	0	52	63.7538
2.1448	0	41	53.842
3.1502	0	64	37.1376
3.4722	0	91	40.1264
3.1532	0	79	46.6959
5.5921	0	95	9.2044
5.1077	0	52	5.3392
1.91	0	80	129.0088
4.2781	0	65	11.2209
4.0195	0	92	21.98
6.4465	0	85	7.7363
4.2076	0	71	13.5939
1.5349	0	57	129.5166
4.6321	0	78	6.4959
6.2453	0	84	7.9268
4.1695	0	39	8.06
5.1679	0	86	7.838
3.4308	0	87	39.956
5.1536	0	76	7.3314
2.6214	0	66	60.2522
1.1836	0	63	203.8198
1.4638	0	85	204.7189
4.6881	0	71	5.6279
5.2329	0	69	6.892
3.5541	0	46	18.0798
4.4277	0	89	11.7847
6.0524	0	99	9.5278
2.7201	0	83	69.9993
5.4505	0	60	6.3073
5.5481	0	92	8.3496
4.753	0	86	5.3013
3.9373	0	50	13.0603
3.2902	0	81	41.5378
5.5851	0	84	8.7496
4.747	0	69	3.6596
6.4553	0	83	7.8739
2.9898	0	67	45.3675
2.5244	0	62	60.6514
5.5132	0	65	6.7623
3.8342	0	49	14.8892
4.4739	0	40	4.6877
5.4552	0	45	3.8229
6.4911	0	40	3.4481
2.5058	0	44	44.1462
4.3372	0	30	3.7827
1.8408	0	98	167.7759
1.4204	0	39	98.9977
6.1722	0	68	7.0166
3.4732	0	36	16.5994
2.0358	0	80	116.0198
3.2677	0	63	32.6014
5.846	0	80	7.6059
4.9119	0	75	0.8104
5.7173	0	31	3.076
5.346	0	39	4.5925
6.2558	0	96	8.7687
1.6681	0	75	150.4408
5.5881	0	82	7.4038
2.3049	0	35	40.2626
1.8319	0	84	145.6854
5.9004	0	97	8.8122
3.636	0	59	21.5552
2.9038	0	73	53.1882
4.3169	0	41	6.5898
5.1329	0	30	3.6914
4.1436	0	68	13.8461
6.0558	0	35	3.5423
5.5733	0	76	6.4389
1.4303	0	50	124.4018
3.2165	0	85	47.507
4.7063	0	46	2.1052
6.1141	0	87	8.4897
2.8891	0	72	53.4394
4.7795	0	35	1.7271
3.1919	0	38	21.6007
2.052	0	82	116.8893
3.6771	0	61	21.2648
1.7098	0	74	143.1074
6.2038	0	56	4.0724
1.4145	0	50	127.0683
1.9265	0	53	84.9198
1.0122	0	98	385.1443
1.3538	0	33	88.4848
2.3354	0	91	104.3285
2.9216	0	63	43.8394
4.7301	0	64	4.3985
4.4145	0	40	5.4427
4.4766	0	72	7.6775
3.0811	0	99	60.7061
3.6113	0	95	37.5236
4.2063	0	82	15.1738
6.3473	0	83	8.2602
3.0662	0	35	21.6944
4.9783	0	39	0.1274
1.7497	0	91	169.1614
2.3715	0	97	107.8011
4.9445	0	45	-0.1118
1.3449	0	61	165.0452
1.5768	0	92	199.5348
2.6868	0	82	71.5745
2.4746	0	94	96.8009
4.0124	0	30	7.3074
1.0282	0	73	282.0759
5.3182	0	84	7.7505
5.4839	0	39	3.9425
4.9816	0	37	-0.616
1.3724	0	72	189.3804
3.1737	0	55	31.5996
4.4109	0	73	9.9819
4.5554	0	48	5.4717
4.4502	0	60	8.0849
3.2958	0	68	34.7791
3.5782	0	35	13.2632
5.3959	0	75	6.7276
4.766	0	48	1.8578
1.7104	0	52	99.413
1.6979	0	47	92.1381
4.3356	0	91	12.9623
4.4331	0	90	11.9493
2.375	0	99	109.3174
4.4771	0	45	6.0705
2.0712	0	55	77.8835
4.749	0	57	2.2113
5.9537	0	86	7.7616
1.5331	0	50	113.4106
2.7591	0	76	62.3455
3.411	0	92	42.7557
1.1197	0	54	187.9997
2.35	0	35	39.5501
4.6196	0	56	3.8028
5.7642	0	65	6.001
6.1775	0	48	3.5457
5.8732	0	43	3.1985
2.6675	0	37	32.9259
6.3964	0	31	2.5178
4.8402	0	45	1.473
1.8093	0	86	152.3953
2.9011	0	43	32.0496
5.2164	0	49	5.5103
2.7853	0	51	40.7288
3.8724	0	73	21.9599
2.1079	0	45	61.1639
1.211	0	32	99.1625
1.3236	0	93	257.6333
2.8527	0	80	60.2253
5.2506	0	67	6.3833
1.7145	0	51	97.3788
4.8409	0	100	3.078
6.1925	0	53	4.3376
5.0167	0	80	8.9444
2.4148	0	45	49.0681
6.3615	0	37	3.2906
3.7849	0	48	14.4132
2.2949	0	50	59.4594
4.5737	0	49	5.0776
5.0434	0	71	7.8635
2.6344	0	67	59.4079
4.1828	0	66	12.9019
6.0385	0	43	3.0438
5.1658	0	62	5.4398
1.3861	0	99	258.3434
2.2768	0	75	89.9208
5.3901	0	86	7.6085
6.0744	0	97	9.3612
5.836	0	45	4.7379
3.6025	0	34	12.3786
6.4211	0	38	2.3835
4.4421	0	88	11.9156
6.1888	0	55	4.5334
1.9995	0	65	96.8445
1.55	0	99	220.2387
3.7331	0	66	21.5457
5.8124	0	55	4.6329
2.9738	0	61	41.6348
4.9454	0	95	1.3359
1.4536	0	98	239.7008
1.4809	0	66	156.0208
3.7246	0	38	13.0782
1.3727	0	60	158.4337
4.3568	0	33	4.0876
6.2709	0	83	6.884
3.046	0	60	37.7076
4.5458	0	77	8.3569
6.0581	0	88	8.0349
4.4924	0	69	7.8521
5.7958	0	42	4.2896
2.7642	0	80	64.3782
6.0735	0	59	5.5796
6.0961	0	91	7.245
5.1223	0	48	4.3585
5.0148	0	62	7.0222
4.3623	0	67	9.9184
1.9072	0	92	149.1711
6.4502	0	52	4.3702
5.8686	0	49	3.9063
1.5382	0	37	84.1765
6.1604	0	56	5.7044
3.8723	0	42	12.1229
3.9952	0	61	14.9091
4.9679	0	52	0.7954
6.2614	0	97	8.9349
5.3219	0	33	2.369
2.2573	0	84	101.8049
4.4237	0	53	6.5521
1.6161	0	36	76.3136
5.9749	0	99	8.904
4.416	0	60	7.2261
5.1141	0	66	5.8325
2.4064	0	40	42.3422
2.9745	0	99	67.8962
3.904	0	51	14.77
2.661	0	57	50.2465
2.2091	0	48	60.0269
3.6404	0	31	11.6853
5.1161	0	91	8.5638
1.1618	0	57	188.1593
2.122	0	97	132.4198
6.1079	0	53	3.775
3.0491	0	67	43.8201
1.6349	0	31	63.293
2.9758	0	96	64.7563
1.6554	0	71	143.0023
4.0522	0	57	12.6797
4.0556	0	78	18.3502
1.3699	0	72	189.8904
1.8273	0	70	122.0335
5.5627	0	66	5.8159
4.7538	0	100	5.3132
6.0396	0	66	6.9647
6.2812	0	74	5.9848
5.5033	0	38	4.1199
2.6442	0	87	77.457
4.4073	0	59	7.2251
3.0302	0	35	23.5183
4.7832	0	91	3.6385
2.1499	0	67	88.6643
2.9825	0	90	59.952
6.3304	0	40	4.4335
2.8793	0	57	42.4061
4.719	0	46	3.519
4.7485	0	49	3.0057
2.0064	0	96	143.5493
5.5533	0	93	8.3877
1.8439	0	81	138.3212
3.6928	0	86	29.9828
6.1817	0	82	7.569
3.5641	0	63	25.2659
5.4553	0	80	7.1158
5.3399	0	42	4.7606
4.6373	0	32	2.7734
5.8937	0	75	6.4949
1.3782	0	65	170.2324
2.5904	0	43	40.3371
4.7665	0	37	2.7662
3.9464	0	73	18.5525
6.3456	0	58	5.8967
3.8809	0	38	10.3797
3.3881	0	31	15.5493
6.1828	0	66	5.763
5.38	0	43	5.0146
5.4155	0	50	4.9508
1.6897	0	53	103.3144
1.8417	0	96	165.2466
1.6108	0	67	141.9448
3.8356	0	52	15.4894
5.1291	0	77	7.0342
2.2317	0	53	64.7524
1.7327	0	61	114.5492
5.9742	0	84	8.2004
4.7037	0	34	3.089
3.2887	0	31	16.5477
4.6772	0	40	2.5375
5.1105	0	38	3.3771
1.5701	0	80	174.7998
1.2067	0	68	214.3082
5.7326	0	34	2.1842
3.1645	0	61	35.5031
3.1436	0	30	18.0983
4.0803	0	82	18.2914
3.1786	0	87	50.7761
6.4135	0	40	4.298
1.0718	0	66	241.0754
5.687	0	44	3.6323
4.3153	0	86	14.5886
3.801	0	86	26.9265
2.6702	0	45	40.1132
3.2781	0	55	28.2252
4.7679	0	71	3.1404
4.9324	0	81	0.4051
6.0919	0	40	3.1248
2.979	0	49	32.5686
3.6891	0	48	16.8021
6.4135	0	40	4.298
1.0718	0	66	241.0754
5.687	0	44	3.6323
2.7937	0.0077	96	78.6581
5.5025	0.2847	87	49.2112
6.3356	0.0369	49	7.4794
5.714	0.171	66	24.8694
4.3988	0.2264	76	46.5186
2.7206	0.2945	86	156.9526
6.4595	0.0051	34	2.4775
2.3498	0.0074	44	50.2513
6.4253	0.2518	95	42.9023
2.6994	0.2846	68	125.2181
1.9824	0.029	91	150.4771
4.6892	0.0645	65	13.6118
3.1274	0.1769	92	103.9036
3.7146	0.2871	82	86.2031
5.3846	0.012	80	8.4278
1.6019	0.2029	79	261.7476
1.3088	0.248	78	358.3895
1.1923	0.279	36	192.7341
5.2092	0.2187	59	28.997
4.2601	0.2351	32	22.9476
2.4689	0.0641	42	53.2867
5.8313	0.1089	41	10.3579
5.8499	0.0343	61	9.6326
1.1415	0.0819	95	385.7907
5.0368	0.0735	77	18.5857
1.3917	0.1922	62	242.3661
2.3073	0.1303	76	129.9882
2.8107	0.0795	84	89.0544
1.2439	0.2632	86	427.9565
6.0358	0.2137	64	26.3997
3.1376	0.1212	70	67.1691
2.9869	0.1653	72	86.9168
4.8051	0.273	86	48.2746
1.411	0.2924	49	217.7982
6.1721	0.2909	99	52.6815
5.6064	0.103	87	24.3184
5.4769	0.0608	78	16.3409
5.1467	0.147	90	32.3498
3.0424	0.2407	90	124.8945
1.3277	0.2151	72	309.451
6.3185	0.1121	100	25.7805
4.5038	0.0644	66	16.5026
3.3054	0.0209	49	28.3482
3.825	0.0009	98	29.6017
5.1031	0.0834	37	9.2015
2.7789	0.2169	94	144.4539
4.6065	0.1295	59	19.9828
4.5756	0.2429	47	28.0228
1.5191	0.0609	64	171.7633
6.4596	0.048	35	5.316
3.4701	0.2002	94	93.3093
2.8524	0.2163	53	76.9025
2.9707	0.1396	66	74.6203
3.3965	0.1846	78	77.822
3.3907	0.01	69	34.4337
1.5856	0.032	41	96.5667
3.4643	0.1885	33	30.8614
5.3338	0.1523	47	18.2832
6.2409	0.2639	42	20.9224
6.0803	0.042	60	9.5594
4.2938	0.1907	78	45.5182
3.1616	0.2494	39	52.2115
1.0106	0.0424	72	313.6563
5.9976	0.2985	67	37.8141
5.9047	0.2645	50	25.1815
3.1071	0.1355	38	38.2985
4.8581	0.1985	31	13.766
2.0162	0.2677	98	265.5801
3.5005	0.159	90	76.9577
1.7217	0.2661	34	113.5997
6.2211	0.0125	67	6.4401
1.6414	0.1064	43	114.5066
3.9207	0.0095	87	26.8291
1.8581	0.1376	91	218.9693
4.6868	0.0705	65	13.3116
5.1792	0.2169	48	23.9985
3.3016	0.2836	95	123.6783
1.7254	0.0284	61	124.6209
1.5438	0.0784	78	212.1368
5.4834	0.0243	73	9.2904
6.1173	0.1295	57	15.7377
2.5123	0.09	55	73.1221
2.8429	0.095	45	48.5471
2.383	0.1517	96	164.3377
4.1391	0.0825	41	16.0209
3.9743	0.0247	58	18.3903
6.3723	0.2769	37	18.2722
1.7499	0.0156	98	191.1941
3.4685	0.0839	34	22.563
1.3763	0.1895	78	307.4133
3.8006	0.0497	59	26.0872
3.3348	0.1134	35	28.7555
6.1737	0.0021	87	7.1516
1.9048	0.1269	58	131.774
2.926	0.135	59	66.952
5.7164	0.2845	92	50.018
4.29	0.0064	31	6.2314
5.2951	0.0463	85	15.0004
4.5563	0.1255	88	31.2309
3.9724	0.2373	72	57.8894
2.5421	0.0649	91	109.705
2.7415	0.2632	74	127.6232
5.6496	0.0798	84	18.6537
3.0697	0.1139	92	90.468
3.634	0.2796	85	91.9159
2.3356	0.122	78	127.2327
1.6788	0.1001	93	237.0421
1.7545	0.2429	38	119.0735
5.9317	0.1276	37	11.539
6.425	0.0496	37	5.894
4.3288	0.0885	55	19.1424
4.8261	0.1574	93	32.0068
3.7135	0.0969	66	38.7098
5.9515	0.0332	88	12.1448
3.4295	0.0534	55	33.5213
4.1418	0.1002	54	22.7668
2.4323	0.0097	68	73.8859
5.1991	0.2092	53	24.7546
4.6005	0.2876	97	64.2779
5.0089	0.2352	69	37.1204
4.7263	0.2299	45	23.9427
4.2291	0.1304	73	34.1134
4.9949	0.2718	96	48.5067
2.078	0.2268	57	137.6991
2.6799	0.178	51	76.6289
5.7947	0.1938	51	20.7028
5.8154	0.1944	51	20.2584
3.8053	0.0211	45	17.1816
2.5791	0.149	74	110.4252
1.7304	0.2649	55	182.1598
2.2815	0.0726	70	104.7309
1.1842	0.2441	91	468.8433
1.0316	0.02	97	391.2788
1.0146	0.0956	67	323.0181
3.8579	0.2796	83	80.7624
2.7416	0.1929	38	56.0268
2.4482	0.167	77	130.0653
4.4674	0.2196	67	38.0779
1.1961	0.2601	90	468.7513
2.7098	0.1413	39	52.4683
1.0033	0.2981	78	525.072
6.2252	0.2469	90	40.9993
3.0024	0.2948	73	114.5259
1.3707	0.1574	100	374.2176
1.4777	0.2009	68	248.4948
4.5684	0.004	56	4.9132
4.1141	0.0754	98	38.2165
1.1275	0.0818	76	313.9875
2.588	0.2732	49	94.1804
6.2505	0.2096	79	31.0591
2.7052	0.1862	85	126.5059
4.3768	0.0547	71	19.4912
1.3329	0.1117	68	242.5558
4	0.0132	68	19.9903
2.6944	0.1911	70	106.1403
5.0983	0.1125	99	30.5748
2.3279	0.1479	76	133.2971
5.6154	0.2123	73	33.6011
6.4914	0.2266	91	37.0219
3.6612	0.2674	36	38.1163
3.0227	0.2424	79	111.1438
3.0423	0.1087	85	83.6323
3.2119	0.2752	71	95.0628
2.4163	0.2328	56	110.7391
3.1619	0.1643	88	95.1623
4.785	0.2826	71	42.4827
3.7122	0.1603	37	27.2718
5.6611	0.121	37	11.4147
2.2311	0.1232	48	85.8056
3.7457	0.194	69	57.111
4.9404	0.0289	93	6.7021
3.6788	0.1678	46	35.8426
1.3823	0.1197	59	202.8419
5.5665	0.085	59	13.5083
3.2701	0.1426	99	92.5643
4.174	0.0248	100	26.349
2.7094	0.0204	49	45.1733
1.0318	0.0176	49	195.9897
1.5099	0.129	85	265.9691
2.1869	0.1021	34	58.7776
2.3518	0.129	91	149.9814
3.9356	0.0548	38	14.4966
4.5779	0.1197	89	31.4052
3.9868	0.0206	75	22.4284
2.8962	0.1023	39	42.2121
3.7097	0.073	63	34.7908
4.4371	0.2575	89	59.6772
2.9154	0.0649	72	66.0977
3.5302	0.1884	36	34.1003
5.126	0.0455	32	5.2554
5.2521	0.2826	77	45.4002
1.6775	0.1684	71	207.5136
4.6403	0.2848	55	35.1362
1.9296	0.2545	36	101.43
3.9512	0.1875	80	56.3181
3.3363	0.0147	54	28.7712
5.4294	0.168	99	39.1556
4.1167	0.1978	99	66.6568
1.0112	0.0235	56	232.7176
5.1099	0.1502	98	37.0495
4.9121	0.1435	30	9.0686
1.22	0.171	79	350.4486
2.7775	0.1473	34	43.9123
4.3763	0.251	63	42.0035
2.8141	0.0817	51	53.9908
3.9583	0.1338	66	38.6465
3.429	0.1407	54	45.9044
4.7839	0.2052	84	36.7561
3.2889	0.0399	90	57.3736
6.2541	0.2676	87	42.9881
3.4843	0.2083	40	39.5636
4.3187	0.2298	100	64.8149
1.5847	0.0202	96	219.1033
5.9407	0.1374	50	16.1278
5.0427	0.1839	53	24.4453
2.4717	0.2531	66	130.0556
6.1397	0.1017	56	13.6485
5.2048	0.0819	94	24.0618
4.572	0.0518	54	10.8765
5.0008	0.2546	46	27.1405
6.3354	0.2612	46	22.0161
5.9929	0.1085	62	15.6462
2.8476	0.0894	89	93.2222
5.4075	0.2051	83	37.6481
2.3024	0.1515	100	179.7318
1.0156	0.2841	98	638.6173
1.3206	0.1111	48	172.6272
2.448	0.1189	57	85.3994
3.363	0.115	41	32.9606
2.5102	0.1617	49	78.2935
4.1696	0.0015	49	9.9217
4.2286	0.2316	32	22.7849
3.2545	0.2931	60	81.8379
2.5972	0.0277	100	101.8216
2.2483	0.007	34	42.842
2.5468	0.056	54	63.9938
3.9648	0.0343	40	13.8914
4.5698	0.2537	93	57.7454
6.3995	0.0569	66	11.3186
2.3361	0.1853	44	83.235
2.3086	0.0872	85	130.0595
1.3925	0.1128	72	242.8272
4.3818	0.1476	70	32.1418
2.0043	0.2807	51	143.0561
3.2499	0.1219	54	49.2155
2.6682	0.2457	60	103.375
4.6691	0.1113	46	13.5849
2.3468	0.105	79	122.5596
1.9679	0.2748	32	90.994
2.3462	0.0694	61	87.2853
6.3446	0.0181	56	5.783
2.3117	0.2933	100	233.7809
6.3137	0.187	34	12.7143
3.6109	0.2415	30	29.4939
6.2089	0.2646	80	39.1235
4.3633	0.0474	97	23.7148
4.3011	0.2384	72	49.2207
3.5746	0.0821	35	22.4479
4.3179	0.163	87	44.2563
6.0043	0.0303	92	13.6848
2.3151	0.1448	71	124.7573
4.6415	0.1329	89	31.0002
2.9025	0.2032	60	82.287
5.7626	0.0214	89	10.838
3.0615	0.2966	38	58.461
5.956	0.0784	33	7.0274
1.982	0.2713	35	97.3874
5.7248	0.0686	37	7.2122
3.4392	0.1413	85	72.426
5.233	0.1636	73	28.7534
2.6699	0.1863	67	103.1079
2.261	0.2587	79	180.8135
1.7109	0.0764	43	100.5136
1.0539	0.0291	36	144.1497
6.3231	0.0413	44	7.4902
2.1308	0.0038	50	69.1732
2.4928	0.0981	69	96.3225
5.0678	0.154	40	16.0017
4.4674	0.2821	99	69.704
1.1428	0.1212	33	144.9689
4.4366	0.2406	46	29.1009
2.6252	0.1555	43	63.7961
2.8637	0.026	40	33.4778
2.7049	0.2583	94	164.3068
2.526	0.2845	56	113.6342
1.6284	0.003	73	151.4866
4.2529	0.1278	47	20.8071
3.2012	0.2813	42	57.134
4.3715	0.2202	34	21.3235
1.3793	0.014	91	247.0054
5.7527	0.037	74	10.5858
1.013	0.0159	46	187.3985
3.0132	0.2511	56	80.8216
1.5045	0.0833	92	262.0029
3.9388	0.1782	57	40.5555
4.0131	0.1272	41	23.2057
3.5552	0.122	64	47.0405
3.0585	0.0848	38	34.8171
2.234	0.0992	59	97.5795
1.9844	0.2011	59	146.1797
3.4724	0.1868	50	47.1234
1.3339	0.0406	86	260.7442
2.7688	0.0852	81	89.2053
1.793	0.2043	70	199.6853
4.3999	0.2091	67	39.5693
4.6856	0.01	51	4.3182
3.4558	0.0764	32	21.0532
5.5438	0.1156	60	18.3587
3.8692	0.2599	48	43.6408
1.6037	0.2261	52	178.0203
4.3026	0.1582	97	48.9131
2.9848	0.0286	32	24.4674
3.7787	0.1343	59	38.0837
5.4567	0.2576	71	37.8606
1.901	0.2056	46	121.5755
2.06	0.027	99	153.4464
5.325	0.1554	72	26.297
1.3856	0.0216	93	257.425
5.3633	0.1774	38	15.6065
1.2973	0.1505	32	126.6359
2.1084	0.102	61	111.9709
5.1282	0.109	95	27.8447
3.2698	0.014	81	45.9057
1.4454	0.1403	75	254.0741
4.166	0.094	62	25.0534
6.3708	0.2586	34	16.0003
2.6522	0.2168	89	146.5993
5.7519	0.1194	71	20.7855
5.1718	0.0907	65	18.2753
1.8104	0.1219	53	127.1361
4.2864	0.2445	62	44.2084
1.5163	0.0476	33	86.0626
4.2001	0.1827	71	42.9764
4.1347	0.1771	92	55.8414
3.5494	0.135	80	60.7622
1.2086	0.1928	68	316.6774
4.5374	0.2136	36	20.2457
1.9572	0.0367	53	91.4388
3.3396	0.0142	36	19.0899
2.5224	0.1926	96	162.813
1.8882	0.0847	73	151.34
6.2593	0.1354	67	18.8964
1.098	0.2117	34	182.5411
5.3721	0.1654	33	12.0845
5.5748	0.0283	31	4.2563
6.241	0.0204	99	11.9794
2.1209	0.0706	46	77.7482
1.3445	0.2363	42	182.4185
1.6538	0.0282	95	208.3252
2.6276	0.0895	59	73.0072
3.1301	0.2309	55	70.7058
3.7626	0.2237	90	78.9204
4.6569	0.2728	68	40.9949
1.3675	0.1164	48	166.2982
3.7073	0.2341	38	35.7932
3.1206	0.0395	78	57.3947
4.4583	0.1245	72	28.0517
2.6127	0.2559	33	59.5063
5.2338	0.0705	45	10.6868
2.672	0.0776	84	96.5156
1.7151	0.2847	41	142.176
1.2519	0.169	58	247.1279
4.3321	0.2345	68	44.6975
5.5841	0.2562	74	39.4131
5.4215	0.1611	52	19.0867
6.3843	0.1864	47	17.8921
6.3068	0.2598	63	29.1457
1.9446	0.0421	60	105.7542
5.7784	0.2012	34	14.6628
5.6084	0.0351	86	13.9905
4.3896	0.266	89	62.3389
3.649	0.065	46	23.9769
5.6749	0.2273	49	23.8389
1.8547	0.2059	43	118.6056
1.2857	0.2698	31	149.4281
1.7355	0.0371	53	109.7596
3.5102	0.0408	68	35.7782
1.3801	0.1702	97	367.2429
1.2493	0.1219	35	138.6818
6.3654	0.0635	80	14.3816
1.9047	0.1833	81	206.1197
5.363	0.1968	92	39.8483
1.3904	0.0357	62	176.7963
2.1165	0.128	76	147.5049
1.7549	0.2423	56	176.7778
2.8932	0.1883	65	86.4109
2.0727	0.2618	31	79.5825
2.7587	0.0928	100	113.1293
5.8678	0.2889	72	39.9769
4.7125	0.0469	72	12.27
1.6603	0.0073	94	192.3459
5.9099	0.0425	35	5.0961
5.4094	0.1265	34	10.8917
1.783	0.1151	42	102.1643
4.145	0.2349	90	67.0026
2.734	0.0893	71	81.9332
1.9929	0.0405	37	63.9259
3.6431	0.1384	90	66.6242
2.7882	0.2845	62	107.8254
4.2353	0.1431	94	46.4018
2.3796	0.2827	32	70.659
1.8373	0.2358	89	260.085
4.0227	0.2671	57	49.6089
1.2786	0.0789	98	342.9608
1.3031	0.1023	60	215.4865
1.8168	0.2731	42	131.6162
6.3825	0.1627	49	15.5919
3.8895	0.1171	98	56.0314
5.6452	0.2087	59	26.2363
5.4558	0.107	63	17.757
6.4477	0.205	50	19.9263
6.1632	0.2219	80	33.5353
5.5385	0.2004	98	42.5408
4.4261	0.03	84	15.3954
1.9377	0.1077	87	183.9396
2.1505	0.0211	86	121.1694
3.7833	0.1256	87	54.5892
3.812	0.1433	57	37.9761
4.8215	0.2083	59	26.9818
2.3622	0.259	48	102.8682
1.9579	0.1379	68	151.4154
2.2214	0.0243	77	104.0263
3.7327	0.0967	99	58.5454
1.9649	0.1676	77	181.3481
5.6946	0.0909	43	9.8329
2.7444	0.1001	76	88.5957
2.2487	0.1558	60	112.4828
3.2838	0.2622	66	82.8999
5.673	0.165	84	30.6693
2.1636	0.2415	35	81.6377
6.1727	0.1169	39	11.1254
3.5894	0.1193	30	21.0215
6.0501	0.1627	83	29.51
3.3289	0.1568	51	49.0094
6.3499	0.1729	66	22.1402
1.9282	0.127	73	162.2612
1.5753	0.0373	99	238.3562
5.7028	0.0691	69	13.9113
5.1923	0.2639	54	29.9222
1.2981	0.0185	84	251.1111
3.2824	0.2542	57	69.9931
5.4724	0.1278	65	21.5957
2.9334	0.2663	63	97.5108
1.6259	0.2018	80	260.5223
3.475	0.2026	45	44.3914
5.3707	0.2074	31	15.0122
2.0519	0.2177	94	227.8886
4.6944	0.1141	61	18.8339
4.4871	0.1951	75	40.2212
1.728	0.0541	66	143.9473
1.3599	0.1812	61	239.7674
2.2644	0.1417	42	76.71
3.7343	0.2487	64	61.4989
4.3161	0.0754	71	23.9456
4.2734	0.0743	59	20.8304
6.4789	0.2077	57	21.2687
2.1977	0.1753	43	87.2753
4.7345	0.0505	46	7.5028
2.6671	0.0883	66	78.661
5.2626	0.1823	80	34.774
4.8572	0.0761	64	10.517
5.8731	0.1087	85	23.6028
6.1613	0.1853	87	32.4595
1.2135	0.189	31	142.0322
5.1751	0.2341	41	22.1076
3.5318	0.0599	40	23.7792
3.9342	0.1717	43	30.4292
4.7364	0.13	32	9.4872
5.0377	0.2762	84	50.2197
1.0026	0.2165	90	541.3894
3.0862	0.242	66	88.3036
6.2993	0.1493	45	14.673
2.7954	0.2035	89	131.1053
3.1787	0.2644	69	93.6441
2.8102	0.2546	44	70.8547
1.3632	0.2469	70	304.4517
1.2546	0.215	59	270.2911
1.6078	0.1511	59	176.8787
5.8725	0.1295	76	22.761
4.7123	0.0045	36	2.0793
3.3676	0.2045	65	68.9502
3.3468	0.0984	55	42.0455
1.1893	0.0001	98	313.0949
1.9176	0.0413	60	109.7282
1.3857	0.1832	84	323.6366
4.3471	0.2147	31	18.3583
1.3327	0.0563	35	109.5009
1.7125	0.1694	75	214.7428
1.1388	0.193	33	164.1418
1.7093	0.1829	97	285.168
3.9435	0.0551	69	26.9196
2.1426	0.2445	77	184.9883
5.3464	0.2052	74	33.3132
6.4457	0.0567	48	9.0477
5.9583	0.0216	97	11.4215
3.8717	0.0618	88	39.2202
1.0232	0.0683	43	194.7641
1.6707	0.2503	37	125.6312
3.0631	0.241	68	92.8812
5.4992	0.1006	89	25.0263
5.1254	0.2303	47	23.5189
1.1868	0.2507	83	430.2031
3.3316	0.2515	94	113.9593
4.066	0.1925	38	24.934
5.2514	0.2572	69	38.9317
5.6473	0.1434	94	30.5926
2.554	0.0818	85	108.4592
4.9742	0.2792	68	34.8488
6.2908	0.0715	62	12.6534
2.0498	0.2706	80	213.9093
4.7456	0.2687	69	40.0942
2.2297	0.1219	65	115.4323
1.6533	0.2311	41	135.842
1.0035	0.0334	91	391.714
1.2948	0.1177	52	193.6417
2.0909	0.0759	81	140.4278
3.7527	0.0549	79	37.3423
6.3834	0.032	65	8.6273
5.8151	0.1391	90	28.4843
3.2089	0.2307	92	112.9724
1.8262	0.1299	56	136.1066
5.2165	0.1483	68	24.4302
3.251	0.0876	87	69.2187
6.0519	0.0254	32	3.2258
5.8985	0.2609	80	40.6513
2.0218	0.1489	83	179.5317
1.2455	0.0192	57	179.3424
5.0486	0.2331	71	37.3006
4.2174	0.0476	86	26.2015
3.7301	0.1989	80	68.0349
5.9569	0.0551	67	12.8049
3.5956	0.1617	86	70.4229
3.7994	0.1325	55	35.5322
1.4921	0.0081	68	163.4488
3.7753	0.1608	43	30.4548
2.1304	0.255	71	175.0118
1.0793	0.2247	65	362.7975
5.046	0.0716	45	11.4492
2.3015	0.1433	47	82.7739
2.553	0.2692	58	112.7587
5.0271	0.2794	46	29.2609
1.2881	0.1751	37	154.248
3.8753	0.2717	94	88.0029
1.0757	0.1356	80	388.3223
2.501	0.21	39	70.1782
6.0771	0.2905	69	36.2664
4.2919	0.1634	64	34.0844
2.4071	0.1573	98	165.8342
3.718	0.1509	66	48.9065
4.2243	0.1692	79	44.2018
4.878	0.2494	65	33.4166
5.5788	0.1393	99	32.2708
2.8544	0.2128	35	50.2518
5.7795	0.0172	30	3.6644
5.8	0.2129	34	15.3618
5.1568	0.1827	88	38.8894
3.5263	0.2752	72	81.9611
2.9713	0.0222	59	44.4765
1.7974	0.0936	71	160.9357
5.002	0.269	38	22.7861
5.2005	0.1981	92	41.7236
4.5085	0.1925	45	23.2611
5.877	0.2831	53	27.5702
1.1858	0.1431	37	160.8448
1.1153	0.2205	86	459.2301
2.0781	0.1457	93	191.831
3.0957	0.0362	43	30.72
4.8893	0.0852	52	10.0494
2.0345	0.243	68	174.2441
3.094	0.2836	44	65.1964
6.0625	0.2088	86	35.5086
3.18	0.1505	72	73.5819
3.8969	0.2595	33	30.6056
3.3395	0.2187	71	79.4565
2.5193	0.2825	81	164.3213
1.4548	0.0661	90	259.1644
5.7949	0.2906	100	55.3816
6.0268	0.2142	97	40.2298
2.5604	0.2964	48	97.0179
5.3725	0.0336	78	12.6169
3.2627	0.1594	62	60.9852
3.2354	0.1291	31	27.876
2.7427	0.0486	54	54.4663
5.5952	0.1455	43	13.85
6.2686	0.2969	86	46.143
2.7599	0.0856	36	39.2808
5.4319	0.2473	86	43.8428
5.1503	0.0844	90	23.2787
2.6511	0.2823	100	186.4377
2.2364	0.1964	91	187.1815
6.3749	0.1373	59	18.2575
5.0773	0.1345	81	28.3402
2.5729	0.1834	67	108.868
4.7873	0.146	79	26.2469
2.0944	0.0541	47	76.1415
1.9797	0.1879	42	102.4104
4.4972	0.0506	56	13.2972
5.7035	0.1556	91	32.3805
1.0402	0.1547	41	214.0952
3.2207	0.2627	70	92.6238
3.0026	0.1625	61	72.6795
5.7884	0.0726	86	18.0746
4.5719	0.2061	54	27.9505
5.9573	0.0958	72	18.3996
5.5101	0.2415	50	25.9168
4.0303	0.2165	61	45.3098
1.6517	0.2177	92	301.3359
2.9738	0.0724	62	56.9493
1.7625	0.2023	33	96.1988
6.0457	0.2389	75	35.3291
3.9068	0.1848	51	37.0082
5.5847	0.2907	32	17.4272
5.9692	0.2182	74	31.7255
4.0163	0.1142	96	48.8271
6.3776	0.1538	40	13.329
1.3157	0.124	62	230.3477
5.747	0.1796	40	15.7562
1.4893	0.158	97	326.8897
6.0257	0.0584	71	13.2079
1.3216	0.2257	98	429.8009
2.4107	0.0855	43	61.2138
6.3228	0.2882	65	33.1464
3.1818	0.0113	69	42.7474
6.0339	0.1628	86	30.015
6.1486	0.0681	89	16.7746
3.1866	0.2715	89	120.9182
5.0967	0.2401	54	30.0128
2.1627	0.2258	51	115.962
5.1518	0.1781	98	40.7984
3.3878	0.0804	32	23.5025
2.8587	0.0418	64	56.0707
4.3188	0.1399	61	28.8658
1.0033	0.0445	74	326.371
4.3647	0.2602	53	37.2902
3.4971	0.1278	43	33.168
1.2019	0.1293	75	314.1912
4.9534	0.1158	89	19.8459
1.0596	0.0052	93	350.4016
4.914	0.2168	61	26.3649
4.402	0.2553	83	56.4616
6.04	0.1287	85	25.0758
1.059	0.2281	49	280.8801
3.3163	0.1464	65	59.6205
5.9666	0.2385	64	30.7365
2.1654	0.26	75	182.3872
4.3939	0.1994	44	25.1688
4.482	0.0479	37	7.8953
1.462	0.0733	51	147.7415
5.0711	0.2583	64	36.4421
4.2697	0.1261	49	21.2934
4.0925	0.2018	49	33.8817
4.1868	0.2104	44	29.342
6.3289	0.153	64	19.998
4.3364	0.1737	32	17.8681
5.7798	0.1709	98	37.4832
5.4739	0.223	95	44.7888
5.4648	0.2766	74	42.4363
5.8779	0.0337	51	6.5515
1.2466	0.1381	49	198.6773
5.4609	0.1698	31	12.5012
2.2295	0.21	58	123.7523
4.7144	0.0435	85	11.9766
3.4059	0.0069	80	38.1914
4.9549	0.1702	62	21.2285
3.7564	0.2711	86	86.3934
3.2507	0.0009	99	54.0884
3.7387	0.237	92	85.6438
5.5411	0.2959	49	29.2807
1.3735	0.2948	87	402.1311
2.7385	0.1551	43	58.7081
4.8781	0.1822	83	30.5236
1.6004	0.1772	71	224.3756
6.1262	0.1741	37	12.8402
4.4912	0.1	85	27.2085
6.3857	0.2397	87	38.5426
5.4854	0.2977	82	49.3164
1.005	0.1445	75	399.9914
2.0246	0.1998	78	186.5238
3.8501	0.2129	63	51.9457
5.9144	0.0275	68	10.1402
1.0097	0.2875	81	533.5174
4.4772	0.0427	94	19.1568
1.8064	0.1601	61	159.1367
2.301	0.1347	66	114.768
6.1203	0.1691	45	15.4315
5.5168	0.2328	32	16.5498
5.0968	0.2475	92	50.452
4.0102	0.0415	58	20.7801
2.0942	0.1795	85	186.2848
4.4192	0.2815	65	46.7192
2.1284	0.2705	69	175.1337
5.4067	0.0872	74	18.87
6.0259	0.243	48	22.7279
5.9199	0.0063	43	3.7843
1.6001	0.0353	35	82.3603
4.2126	0.0849	45	17.6001
4.3781	0.2892	84	63.1718
1.774	0.0657	90	195.7903
4.8407	0.1986	76	31.6883
1.3992	0.154	32	116.4614
2.812	0.1476	50	63.1441
3.0797	0.2781	70	101.339
6.4759	0.0847	99	21.4654
4.4336	0.1734	41	21.043
5.0182	0.2214	85	43.4109
2.3522	0.0375	58	74.2887
2.5066	0.0705	70	88.4231
5.9664	0.2465	100	48.5124
1.074	0.2863	83	508.4057
3.2307	0.0476	61	41.7998
4.9932	0.1816	76	27.1897
5.7605	0.2803	80	42.9081
4.1946	0.0926	56	22.4814
3.9105	0.0066	36	10.3503
4.3717	0.1998	84	48.6234
3.7837	0.2473	74	69.9106
1.8104	0.0503	53	106.5617
1.364	0.2771	83	377.2376
2.858	0.2651	46	73.3244
5.8374	0.16	80	28.0413
2.122	0.0455	36	56.4126
1.4527	0.029	30	78.2472
6.4158	0.0612	56	9.2065
2.5285	0.2685	72	141.004
3.3446	0.1384	69	60.7335
5.4002	0.1863	60	24.9347
1.948	0.0986	76	155.0539
2.2501	0.1029	98	162.2508
5.697	0.1883	67	26.2024
2.2463	0.0054	84	105.6276
4.0999	0.082	89	35.6117
1.4659	0.182	68	244.1786
6.4125	0.0445	83	13.2474
1.3333	0.1102	70	247.3672
4.6458	0.1389	44	16.7091
1.2758	0.0891	39	139.6728
1.2169	0.1857	89	406.0229
4.4306	0.1182	89	34.6411
2.4371	0.2338	32	62.7804
6.216	0.2525	65	30.2685
4.6811	0.2712	96	57.989
4.4491	0.1769	71	34.8544
5.645	0.1867	48	18.8742
1.5694	0.1185	100	291.1757
5.1718	0.0717	73	16.7724
5.5133	0.1001	72	18.9019
2.7734	0.0162	95	80.7283
2.9281	0.0399	36	30.7146
5.1484	0.0675	51	10.7349
2.8484	0.0933	57	61.4354
2.2889	0.0928	43	66.7933
5.8617	0.0538	76	14.1174
4.0563	0.0934	97	44.2982
4.5736	0.0321	44	7.8503
5.6157	0.05	94	16.5152
3.698	0.2755	36	38.2495
3.6277	0.2215	37	34.8345
4.9328	0.0594	99	13.4892
4.3239	0.1706	76	40.1565
5.0733	0.2571	89	51.0965
2.2445	0.0238	87	115.4689
4.1827	0.0334	70	19.0394
2.4266	0.1386	32	52.1956
4.0591	0.2686	31	25.5186
2.7396	0.1569	70	95.4354
4.3437	0.1991	65	37.4381
4.9981	0.0068	96	1.0493
4.9118	0.0027	65	0.7194
3.2504	0.0179	48	29.3181
5.7645	0.2936	95	52.5002
5.1984	0.2384	80	42.7939
4.9869	0.2505	44	20.3742
5.4297	0.1147	97	29.8628
5.0202	0.1824	41	18.2323
3.2019	0.0945	70	60.0215
3.2419	0.2786	56	75.3628
4.6708	0.1371	92	32.0817
5.4706	0.1321	97	32.1278
5.229	0.2547	80	45.0448
4.4357	0.1476	56	23.8816
3.4713	0.0762	30	20.0083
3.1535	0.0697	75	58.8565
4.8151	0.2985	45	26.5584
4.1161	0.1792	100	62.0429
3.2324	0.217	88	103.8083
3.3571	0.0281	87	49.1391
6.3958	0.0524	45	6.6541
5.9556	0.0692	62	11.7997
3.8254	0.074	70	33.9946
1.9102	0.2134	100	267.2009
2.229	0.1055	93	158.2665
2.5872	0.0861	63	79.0105
3.115	0.2796	41	59.1672
4.0912	0.2265	51	37.3037
2.2726	0.0497	74	104.4517
4.7194	0.2246	41	20.2044
1.2481	0.0565	81	279.3911
4.5409	0.0479	57	12.5225
2.3197	0.249	33	71.7725
4.0616	0.2063	92	64.3946
5.7127	0.1014	92	24.9448
6.4681	0.0483	92	14.6551
6.1658	0.0414	58	8.9029
5.2613	0.2615	57	31.7254
2.1334	0.0802	30	51.671
6.2874	0.1734	68	23.9229
2.8754	0.1923	54	74.8814
4.9791	0.2711	44	22.3237
5.5689	0.1341	34	10.8276
3.6262	0.2817	50	55.1837
4.6129	0.2694	66	41.9959
2.5461	0.1763	68	109.4215
3.7571	0.0064	70	24.7494
4.5394	0.0813	43	11.7673
6.103	0.156	72	23.9862
2.7238	0.1077	53	63.4568
4.3832	0.1373	36	15.7598
1.3094	0.0442	33	104.2519
3.352	0.2475	85	100.9617
1.9133	0.0663	35	68.4242
3.8108	0.0999	73	40.9509
5.5206	0.0258	36	4.3292
1.0733	0.1903	81	432.7626
3.8178	0.1601	66	47.204
3.1975	0.1222	42	39.4865
3.6114	0.0195	88	38.1907
4.7434	0.2331	97	49.8025
5.885	0.196	94	37.372
1.4067	0.136	94	325.9146
6.0838	0.1986	56	21.65
5.9126	0.0157	93	10.9659
6.4503	0.0379	58	8.4915
1.5249	0.0629	57	151.9063
3.5781	0.2798	70	77.515
5.9673	0.0613	61	11.2258
6.3992	0.1152	62	16.4449
3.9091	0.0606	46	19.927
3.914	0.0776	33	15.8278
5.0977	0.0903	77	19.9314
5.9035	0.192	62	23.7867
3.1442	0.1333	65	63.7329
1.7784	0.2141	32	93.2232
4.0513	0.1391	44	24.4803
3.8405	0.1733	83	60.0408
1.0095	0.1621	57	312.9653
3.5055	0.0342	84	44.0134
3.065	0.2593	89	125.5515
1.6265	0.1592	80	240.8076
2.9111	0.038	39	32.5599
4.5953	0.0902	41	12.304
3.7964	0.1715	55	40.3895
1.9483	0.2732	70	201.2639
5.8092	0.1764	55	21.4907
5.0837	0.1444	86	32.1018
2.3706	0.2183	64	126.7511
1.2797	0.263	84	405.6235
1.2783	0.0649	96	325.3576
4.996	0.0691	88	10.8792
5.911	0.0314	51	7.5113
1.0233	0.105	56	273.4322
4.3988	0.1647	52	25.9541
5.9048	0.1438	83	26.6172
6.1821	0.1621	40	12.9349
2.7703	0.0768	65	69.1342
6.4285	0.2824	54	26.3502
1.1151	0.2856	99	579.9496
1.8373	0.1976	94	256.6546
1.0203	0.0915	79	376.7971
3.7236	0.0198	51	19.349
4.7082	0.0633	36	7.0334
4.6207	0.0049	59	5.8857
3.9356	0.1034	93	48.2617
1.9777	0.0892	69	135.4799
5.9934	0.0637	69	13.5708
6.1903	0.2761	100	51.175
3.7766	0.0565	88	41.2344
1.5264	0.2584	44	169.6448
1.2623	0.2535	42	203.9787
6.1567	0.153	79	26.1302
4.1615	0.2336	72	52.5986
3.5172	0.1311	64	49.6108
2.903	0.0915	30	31.3648
4.5478	0.2484	89	54.3315
3.4178	0.0926	66	48.5218
3.5479	0.0638	74	43.5433
4.1122	0.0988	92	41.9449
3.6574	0.1209	34	22.3285
1.5386	0.0742	75	203.1131
1.21	0.0831	51	193.2242
2.4692	0.1096	66	96.6358
2.0062	0.2384	90	234.2162
3.2481	0.0481	69	47.0434
1.4644	0.1836	85	305.8878
3.2278	0.2435	46	57.0921
1.9475	0.2432	84	230.426
5.1168	0.1889	35	15.837
2.7146	0.2604	57	98.6456
5.0754	0.0355	72	12.3666
2.3269	0.1107	30	48.5308
1.6372	0.0335	33	74.1198